6.5
6.5
6.5
6.5
6.5
6.5
6.5
6.5
6.499999523162842
6.499999523162842
6.499999046325684
6.499998569488525
6.499997615814209
6.499996662139893
6.499995231628418
6.499993324279785
6.499990940093994
6.499988079071045
6.499984264373779
6.4999799728393555
6.499974250793457
6.499967575073242
6.499959468841553
6.499949932098389
6.499938488006592
6.49992561340332
6.4999098777771
6.499891757965088
6.499871253967285
6.499847412109375
6.499820232391357
6.499789237976074
6.499754428863525
6.4997148513793945
6.499670028686523
6.49962043762207
6.4995646476745605
6.499502658843994
6.499433517456055
6.499357223510742
6.499272346496582
6.499179363250732
6.499076843261719
6.498964309692383
6.498841285705566
6.498706817626953
6.498559951782227
6.4984002113342285
6.498226165771484
6.498037815093994
6.497833251953125
6.497612476348877
6.497374057769775
6.497116565704346
6.49683952331543
6.496541976928711
6.496221542358398
6.49587869644165
6.495510578155518
6.4951171875
6.494696617126465
6.4942474365234375
6.493768215179443
6.493257522583008
6.492713928222656
6.492136001586914
6.491522312164307
6.490870475769043
6.490179061889648
6.48944616317749
6.488670825958252
6.487850189208984
6.486982345581055
6.4860663414001465
6.485098838806152
6.484078407287598
6.48300313949585
6.481870651245117
6.480678081512451
6.479423999786377
6.478105068206787
6.476719856262207
6.4752655029296875
6.473739147186279
6.472138404846191
6.470460414886475
6.46870231628418
6.466861724853516
6.464935779571533
6.462921142578125
6.460814952850342
6.458613872528076
6.456315517425537
6.453915596008301
6.451411724090576
6.448800086975098
6.446077346801758
6.443239688873291
6.440284252166748
6.437206745147705
6.4340033531188965
6.430671215057373
6.4272050857543945
6.423602104187012
6.419857978820801
6.415968418121338
6.411929130554199
6.407735824584961
6.403384685516357
6.398870468139648
6.394189357757568
6.389336585998535
6.384307384490967
6.379096984863281
6.373700141906738
6.368112564086914
6.36232852935791
6.356343746185303
6.350152969360352
6.34375
6.337130069732666
6.330287933349609
6.323217391967773
6.315913200378418
6.3083696365356445
6.300580978393555
6.292541027069092
6.284243583679199
6.2756829261779785
6.266852378845215
6.25774621963501
6.248357772827148
6.238680362701416
6.228707313537598
6.218432426452637
6.20784854888916
6.196948528289795
6.185725688934326
6.174172401428223
6.162282466888428
6.150047302246094
6.137460231781006
6.124513626098633
6.111199855804443
6.097511291503906
6.083439350128174
6.068976879119873
6.054115295410156
6.038846969604492
6.023162841796875
6.007054805755615
5.990514755249023
5.9735331535339355
5.95610237121582
5.9382123947143555
5.919854640960693
5.901020526885986
5.881700038909912
5.861884117126465
5.841563701629639
5.820728778839111
5.799369812011719
5.777476787567139
5.755039691925049
5.732048988342285
5.708494186401367
5.684364318847656
5.659649848937988
5.634340286254883
5.608424186706543
5.581891059875488
5.55472993850708
5.5269293785095215
5.498478889465332
5.469367027282715
5.439581871032715
5.409111976623535
5.377945899963379
5.346071243286133
5.3134765625
5.280149459838867
5.246077537536621
5.211248397827148
5.175649642944336
5.13926887512207
5.102092742919922
5.064107894897461
5.025301933288574
4.985661506652832
4.945173740386963
4.903824329376221
4.861599922180176
4.818486213684082
4.774470329284668
4.729537010192871
4.683672904968262
4.636862754821777
4.589092254638672
4.540347099304199
4.490612030029297
4.439872741699219
4.388113975524902
4.335318088531494
4.281473159790039
4.226561546325684
4.170568466186523
4.11347770690918
4.055272102355957
3.9959373474121094
3.935455322265625
3.873810291290283
3.810986042022705
3.746964454650879
3.681730031967163
3.6152641773223877
3.5475504398345947
3.4785711765289307
3.4083070755004883
3.3367435932159424
3.2638602256774902
3.1896400451660156
3.1140642166137695
3.037114143371582
2.9587721824645996
2.8790178298950195
2.79783296585083
2.7151987552642822
2.6310958862304688
2.545503854751587
2.4584031105041504
2.3697757720947266
2.279599666595459
2.1878538131713867
2.0945205688476562
1.9995789527893066
1.9030070304870605
1.8047842979431152
1.7048897743225098
1.6033024787902832
1.5
1.5
1.5
1.5
1.5
1.5
1.5
1.5
1.5
1.5
1.5
